529120576079
296022769723
68802443599
76078076777
176155659587
480616032991
947873523473
809589029573
238102333409
387074784751
539604726779
674774634013
598093564169
464062006657
164461865189
742573566139
946437590083
189977647973
335768084011
969651060803
43542721421
521818323277
109487160313
77308555579
881360033531
953951835449
502215835669
918229898447
150856037201
998696358133
326120300057
907423822973
255469808497
659671104997
284989807147
708431345161
938185177889
375132077953
489838585813
127564950109
377110285169
187227741697
992888403103
67713898981
22442231561
207757234183
505462879517
553277646401
737026920037
612341235019
6298346317
673191060203
75848080019
780338794057
439677694633
22965334939
182873167391
456780037817
297941569183
601150028519
131647133369
129237542009
968980043573
146759597471
220346730347
755456078477
995062312589
236183743573
638868181823
938928675871
120319535443
236312983061
679327900751
455372788243
173695907971
67432104059
451821492917
592284781019
207160579151
768805461143
241282709279
414928891031
970180077649
757346844521
770112161699
78471170027
305679248041
750762287567
167076548603
934413592921
881555783161
497842174363
820698394231
888475070683
84414734689
97653216743
421167197327
568284972193
542621728843
277911979769
801072289697
101955089833
850096844039
527360563963
687110232521
623017374769
728898085957
614809673741
