529120576079
296022769723
68802443599
76078076777
480616032991
176155659587
947873523473
809589029573
238102333409
387074784751
598093564169
539604726779
674774634013
464062006657
164461865189
742573566139
946437590083
189977647973
335768084011
43542721421
969651060803
521818323277
109487160313
77308555579
881360033531
502215835669
953951835449
918229898447
998696358133
150856037201
326120300057
907423822973
255469808497
659671104997
284989807147
375132077953
938185177889
127564950109
708431345161
489838585813
377110285169
187227741697
992888403103
67713898981
22442231561
207757234183
553277646401
505462879517
6298346317
737026920037
612341235019
673191060203
75848080019
780338794057
439677694633
182873167391
456780037817
22965334939
297941569183
601150028519
131647133369
129237542009
968980043573
755456078477
220346730347
995062312589
146759597471
236183743573
638868181823
938928675871
120319535443
207160579151
455372788243
236312983061
173695907971
679327900751
67432104059
451821492917
592284781019
241282709279
768805461143
414928891031
970180077649
757346844521
78471170027
750762287567
305679248041
770112161699
167076548603
934413592921
881555783161
497842174363
820698394231
888475070683
84414734689
97653216743
421167197327
568284972193
542621728843
277911979769
801072289697
101955089833
850096844039
623017374769
527360563963
687110232521
728898085957
614809673741
